FlatId | FlatNum | Building | Floor | Area | Rooms | Price | SPrice | Status | Date
4405 | 8 | -- | 1 | 38,79 | 0 | 0 | 0,00 | Продано | 2023-07-20
4702 | 305 | -- | 1 | 32,61 | 0 | 4402350 | 135000,00 | В продаже | 2023-07-20
4398 | 1 | -- | 1 | 39,03 | 1 | 4917780 | 126000,00 | В продаже | 2023-07-20
4399 | 2 | -- | 1 | 44,52 | 1 | 5297880 | 119000,00 | В продаже | 2023-07-20
4400 | 3 | -- | 1 | 44,66 | 1 | 0 | 0,00 | Продано | 2023-07-20
4402 | 5 | -- | 1 | 35,52 | 1 | 4617600 | 130000,00 | В продаже | 2023-07-20
4403 | 6 | -- | 1 | 36,95 | 1 | 4803500 | 130000,00 | В продаже | 2023-07-20
4404 | 7 | -- | 1 | 38,63 | 1 | 4712860 | 122000,00 | В продаже | 2023-07-20
4406 | 9 | -- | 1 | 37,25 | 1 | 0 | 0,00 | Продано | 2023-07-20
4409 | 12 | -- | 1 | 40,76 | 1 | 5502600 | 135000,00 | В продаже | 2023-07-20
4703 | 306 | -- | 1 | 48,8 | 1 | 5856000 | 120000,00 | В продаже | 2023-07-20
4704 | 307 | -- | 1 | 46,24 | 1 | 5548800 | 120000,00 | В продаже | 2023-07-20
4705 | 308 | -- | 1 | 51,26 | 1 | 6048680 | 118000,00 | В продаже | 2023-07-20
4707 | 310 | -- | 1 | 45,93 | 1 | 5557530 | 121000,00 | В продаже | 2023-07-20
4708 | 311 | -- | 1 | 48,77 | 1 | 5901170 | 121000,00 | В продаже | 2023-07-20
4709 | 312 | -- | 1 | 40,49 | 1 | 5061250 | 125000,00 | В продаже | 2023-07-20
4401 | 4 | -- | 1 | 68,04 | 2 | 7824600 | 115000,00 | В продаже | 2023-07-20
4407 | 10 | -- | 1 | 56,78 | 2 | 0 | 0,00 | Продано | 2023-07-20
4410 | 13 | -- | 1 | 59,81 | 2 | 7655680 | 128000,00 | В продаже | 2023-07-20
4706 | 309 | -- | 1 | 72,23 | 2 | 0 | 0,00 | Продано | 2023-07-20
4408 | 11 | -- | 1 | 76,8 | 3 | 9984000 | 130000,00 | В продаже | 2023-07-20
4418 | 21 | -- | 2 | 28,44 | 0 | 0 | 0,00 | Продано | 2023-07-20
4419 | 22 | -- | 2 | 22,78 | 0 | 0 | 0,00 | Продано | 2023-07-20
4710 | 313 | -- | 2 | 32,61 | 0 | 4402350 | 135000,00 | В продаже | 2023-07-20
4411 | 14 | -- | 2 | 39,03 | 1 | 4917780 | 126000,00 | В продаже | 2023-07-20
4412 | 15 | -- | 2 | 44,52 | 1 | 0 | 0,00 | Забронировано | 2023-07-20
4413 | 16 | -- | 2 | 44,66 | 1 | 0 | 0,00 | Продано | 2023-07-20
4415 | 18 | -- | 2 | 35,52 | 1 | 0 | 0,00 | Продано | 2023-07-20
4416 | 19 | -- | 2 | 36,95 | 1 | 4803500 | 130000,00 | В продаже | 2023-07-20
4417 | 20 | -- | 2 | 38,63 | 1 | 4712860 | 122000,00 | В продаже | 2023-07-20
4420 | 23 | -- | 2 | 37,25 | 1 | 0 | 0,00 | Продано | 2023-07-20
4423 | 26 | -- | 2 | 40,76 | 1 | 5502600 | 135000,00 | В продаже | 2023-07-20
4711 | 314 | -- | 2 | 48,8 | 1 | 5856000 | 120000,00 | В продаже | 2023-07-20
4712 | 315 | -- | 2 | 46,24 | 1 | 5548800 | 120000,00 | В продаже | 2023-07-20
4713 | 316 | -- | 2 | 51,26 | 1 | 6048680 | 118000,00 | В продаже | 2023-07-20
4715 | 318 | -- | 2 | 45,93 | 1 | 5603460 | 122000,00 | В продаже | 2023-07-20
4716 | 319 | -- | 2 | 48,77 | 1 | 5949940 | 122000,00 | В продаже | 2023-07-20
4717 | 320 | -- | 2 | 40,49 | 1 | 5061250 | 125000,00 | В продаже | 2023-07-20
4414 | 17 | -- | 2 | 68,04 | 2 | 0 | 0,00 | Продано | 2023-07-20
4421 | 24 | -- | 2 | 56,78 | 2 | 0 | 0,00 | Продано | 2023-07-20
4424 | 27 | -- | 2 | 59,78 | 2 | 7651840 | 128000,00 | В продаже | 2023-07-20
4714 | 317 | -- | 2 | 72,23 | 2 | 8306450 | 115000,00 | В продаже | 2023-07-20
4422 | 25 | -- | 2 | 76,8 | 3 | 9984000 | 130000,00 | В продаже | 2023-07-20
4718 | 321 | -- | 3 | 32,61 | 0 | 4402350 | 135000,00 | В продаже | 2023-07-20
4425 | 28 | -- | 3 | 39,03 | 1 | 4956810 | 127000,00 | В продаже | 2023-07-20
4426 | 29 | -- | 3 | 44,52 | 1 | 0 | 0,00 | Продано | 2023-07-20
4427 | 30 | -- | 3 | 44,66 | 1 | 0 | 0,00 | Продано | 2023-07-20
4429 | 32 | -- | 3 | 35,52 | 1 | 0 | 0,00 | Забронировано | 2023-07-20
4430 | 33 | -- | 3 | 36,95 | 1 | 4803500 | 130000,00 | В продаже | 2023-07-20
4431 | 34 | -- | 3 | 38,63 | 1 | 4790120 | 124000,00 | В продаже | 2023-07-20
4432 | 35 | -- | 3 | 49,57 | 1 | 5799690 | 117000,00 | В продаже | 2023-07-20
4433 | 36 | -- | 3 | 39,89 | 1 | 0 | 0,00 | Продано | 2023-07-20
4436 | 39 | -- | 3 | 40,76 | 1 | 5502600 | 135000,00 | В продаже | 2023-07-20
4719 | 322 | -- | 3 | 48,8 | 1 | 5856000 | 120000,00 | В продаже | 2023-07-20
4720 | 323 | -- | 3 | 46,24 | 1 | 5548800 | 120000,00 | В продаже | 2023-07-20
4721 | 324 | -- | 3 | 51,26 | 1 | 0 | 0,00 | Продано | 2023-07-20
4723 | 326 | -- | 3 | 45,93 | 1 | 5603460 | 122000,00 | В продаже | 2023-07-20
4724 | 327 | -- | 3 | 48,77 | 1 | 5949940 | 122000,00 | В продаже | 2023-07-20
4725 | 328 | -- | 3 | 40,49 | 1 | 0 | 0,00 | Продано | 2023-07-20
4428 | 31 | -- | 3 | 76,01 | 2 | 0 | 0,00 | Забронировано | 2023-07-20
4434 | 37 | -- | 3 | 56,78 | 2 | 7267840 | 128000,00 | В продаже | 2023-07-20
4437 | 40 | -- | 3 | 59,78 | 2 | 7651840 | 128000,00 | В продаже | 2023-07-20
4722 | 325 | -- | 3 | 72,23 | 2 | 8306450 | 115000,00 | В продаже | 2023-07-20
4435 | 38 | -- | 3 | 76,8 | 3 | 10214400 | 133000,00 | В продаже | 2023-07-20
4726 | 329 | -- | 4 | 32,61 | 0 | 4402350 | 135000,00 | В продаже | 2023-07-20
4438 | 41 | -- | 4 | 39,03 | 1 | 4956810 | 127000,00 | В продаже | 2023-07-20
4439 | 42 | -- | 4 | 44,52 | 1 | 0 | 0,00 | Забронировано | 2023-07-20
4440 | 43 | -- | 4 | 44,66 | 1 | 0 | 0,00 | Продано | 2023-07-20
4442 | 45 | -- | 4 | 35,52 | 1 | 0 | 0,00 | Продано | 2023-07-20
4443 | 46 | -- | 4 | 36,95 | 1 | 0 | 0,00 | Продано | 2023-07-20
4444 | 47 | -- | 4 | 38,63 | 1 | 4790120 | 124000,00 | В продаже | 2023-07-20
4445 | 48 | -- | 4 | 49,57 | 1 | 5799690 | 117000,00 | В продаже | 2023-07-20
4446 | 49 | -- | 4 | 39,89 | 1 | 4946360 | 124000,00 | В продаже | 2023-07-20
4449 | 52 | -- | 4 | 40,76 | 1 | 0 | 0,00 | Продано | 2023-07-20
4727 | 330 | -- | 4 | 48,8 | 1 | 5904800 | 121000,00 | В продаже | 2023-07-20
4728 | 331 | -- | 4 | 46,24 | 1 | 5595040 | 121000,00 | В продаже | 2023-07-20
4729 | 332 | -- | 4 | 51,26 | 1 | 0 | 0,00 | Продано | 2023-07-20
4731 | 334 | -- | 4 | 45,93 | 1 | 5603460 | 122000,00 | В продаже | 2023-07-20
4732 | 335 | -- | 4 | 48,77 | 1 | 5949940 | 122000,00 | В продаже | 2023-07-20
4733 | 336 | -- | 4 | 40,49 | 1 | 0 | 0,00 | Продано | 2023-07-20
4441 | 44 | -- | 4 | 76,01 | 2 | 0 | 0,00 | Забронировано | 2023-07-20
4447 | 50 | -- | 4 | 56,78 | 2 | 7267840 | 128000,00 | В продаже | 2023-07-20
4450 | 53 | -- | 4 | 59,78 | 2 | 0 | 0,00 | Продано | 2023-07-20
4730 | 333 | -- | 4 | 72,23 | 2 | 8306450 | 115000,00 | В продаже | 2023-07-20
4448 | 51 | -- | 4 | 76,8 | 3 | 10214400 | 133000,00 | В продаже | 2023-07-20
4734 | 337 | -- | 5 | 32,61 | 0 | 4565400 | 140000,00 | В продаже | 2023-07-20
4451 | 54 | -- | 5 | 39,03 | 1 | 4956810 | 127000,00 | В продаже | 2023-07-20
4452 | 55 | -- | 5 | 44,52 | 1 | 0 | 0,00 | Продано | 2023-07-20
4453 | 56 | -- | 5 | 44,66 | 1 | 0 | 0,00 | Продано | 2023-07-20
4455 | 58 | -- | 5 | 35,52 | 1 | 0 | 0,00 | Продано | 2023-07-20
4456 | 59 | -- | 5 | 36,95 | 1 | 0 | 0,00 | Продано | 2023-07-20
4457 | 60 | -- | 5 | 38,63 | 1 | 4790120 | 124000,00 | В продаже | 2023-07-20
4458 | 61 | -- | 5 | 49,57 | 1 | 5799690 | 117000,00 | В продаже | 2023-07-20
4459 | 62 | -- | 5 | 39,89 | 1 | 4946360 | 124000,00 | В продаже | 2023-07-20
4462 | 65 | -- | 5 | 40,76 | 1 | 0 | 0,00 | Продано | 2023-07-20
4735 | 338 | -- | 5 | 48,8 | 1 | 5904800 | 121000,00 | В продаже | 2023-07-20
4736 | 339 | -- | 5 | 46,24 | 1 | 5595040 | 121000,00 | В продаже | 2023-07-20
4737 | 340 | -- | 5 | 51,26 | 1 | 6099940 | 119000,00 | В продаже | 2023-07-20
4739 | 342 | -- | 5 | 45,93 | 1 | 5649390 | 123000,00 | В продаже | 2023-07-20
4740 | 343 | -- | 5 | 48,77 | 1 | 5998710 | 123000,00 | В продаже | 2023-07-20
4741 | 344 | -- | 5 | 40,49 | 1 | 0 | 0,00 | Забронировано | 2023-07-20
4454 | 57 | -- | 5 | 76,01 | 2 | 0 | 0,00 | Продано | 2023-07-20
4460 | 63 | -- | 5 | 56,78 | 2 | 7267840 | 128000,00 | В продаже | 2023-07-20
4463 | 66 | -- | 5 | 59,78 | 2 | 0 | 0,00 | Забронировано | 2023-07-20
4738 | 341 | -- | 5 | 72,23 | 2 | 0 | 0,00 | Продано | 2023-07-20
4461 | 64 | -- | 5 | 76,8 | 3 | 10214400 | 133000,00 | В продаже | 2023-07-20
4742 | 345 | -- | 6 | 32,61 | 0 | 4565400 | 140000,00 | В продаже | 2023-07-20
4464 | 67 | -- | 6 | 39,03 | 1 | 0 | 0,00 | Продано | 2023-07-20
4465 | 68 | -- | 6 | 44,52 | 1 | 0 | 0,00 | Продано | 2023-07-20
4466 | 69 | -- | 6 | 44,66 | 1 | 0 | 0,00 | Продано | 2023-07-20
4468 | 71 | -- | 6 | 35,52 | 1 | 0 | 0,00 | Продано | 2023-07-20
4469 | 72 | -- | 6 | 36,95 | 1 | 0 | 0,00 | Продано | 2023-07-20
4470 | 73 | -- | 6 | 38,63 | 1 | 4790120 | 124000,00 | В продаже | 2023-07-20
4471 | 74 | -- | 6 | 49,57 | 1 | 5799690 | 117000,00 | В продаже | 2023-07-20
4472 | 75 | -- | 6 | 39,89 | 1 | 4946360 | 124000,00 | В продаже | 2023-07-20
4475 | 78 | -- | 6 | 40,76 | 1 | 0 | 0,00 | Забронировано | 2023-07-20
4743 | 346 | -- | 6 | 48,8 | 1 | 5904800 | 121000,00 | В продаже | 2023-07-20
4744 | 347 | -- | 6 | 46,24 | 1 | 0 | 0,00 | Продано | 2023-07-20
4745 | 348 | -- | 6 | 51,26 | 1 | 6099940 | 119000,00 | В продаже | 2023-07-20
4747 | 350 | -- | 6 | 45,93 | 1 | 5649390 | 123000,00 | В продаже | 2023-07-20
4748 | 351 | -- | 6 | 48,77 | 1 | 5998710 | 123000,00 | В продаже | 2023-07-20
4749 | 352 | -- | 6 | 40,49 | 1 | 5101740 | 126000,00 | В продаже | 2023-07-20
4467 | 70 | -- | 6 | 76,01 | 2 | 0 | 0,00 | Продано | 2023-07-20
4473 | 76 | -- | 6 | 56,78 | 2 | 0 | 0,00 | Продано | 2023-07-20
4476 | 79 | -- | 6 | 59,78 | 2 | 0 | 0,00 | Продано | 2023-07-20
4746 | 349 | -- | 6 | 72,23 | 2 | 8306450 | 115000,00 | В продаже | 2023-07-20
4474 | 77 | -- | 6 | 76,8 | 3 | 10214400 | 133000,00 | В продаже | 2023-07-20
4750 | 353 | -- | 7 | 32,61 | 0 | 4565400 | 140000,00 | В продаже | 2023-07-20
4477 | 80 | -- | 7 | 39,03 | 1 | 0 | 0,00 | Продано | 2023-07-20
4478 | 81 | -- | 7 | 44,52 | 1 | 0 | 0,00 | Продано | 2023-07-20
4479 | 82 | -- | 7 | 44,66 | 1 | 0 | 0,00 | Продано | 2023-07-20
4481 | 84 | -- | 7 | 35,52 | 1 | 0 | 0,00 | Продано | 2023-07-20
4482 | 85 | -- | 7 | 36,95 | 1 | 0 | 0,00 | Продано | 2023-07-20
4483 | 86 | -- | 7 | 38,63 | 1 | 4790120 | 124000,00 | В продаже | 2023-07-20
4484 | 87 | -- | 7 | 49,57 | 1 | 5799690 | 117000,00 | В продаже | 2023-07-20
4485 | 88 | -- | 7 | 39,89 | 1 | 4946360 | 124000,00 | В продаже | 2023-07-20
4488 | 91 | -- | 7 | 40,76 | 1 | 0 | 0,00 | Продано | 2023-07-20
4751 | 354 | -- | 7 | 48,8 | 1 | 5953600 | 122000,00 | В продаже | 2023-07-20
4752 | 355 | -- | 7 | 46,24 | 1 | 5641280 | 122000,00 | В продаже | 2023-07-20
4753 | 356 | -- | 7 | 51,26 | 1 | 0 | 0,00 | Забронировано | 2023-07-20
4755 | 358 | -- | 7 | 45,93 | 1 | 5649390 | 123000,00 | В продаже | 2023-07-20
4756 | 359 | -- | 7 | 48,77 | 1 | 5998710 | 123000,00 | В продаже | 2023-07-20
4757 | 360 | -- | 7 | 40,49 | 1 | 5142230 | 127000,00 | В продаже | 2023-07-20
4480 | 83 | -- | 7 | 76,01 | 2 | 0 | 0,00 | Продано | 2023-07-20
4486 | 89 | -- | 7 | 56,78 | 2 | 0 | 0,00 | Продано | 2023-07-20
4489 | 92 | -- | 7 | 59,78 | 2 | 0 | 0,00 | Продано | 2023-07-20
4754 | 357 | -- | 7 | 72,23 | 2 | 0 | 0,00 | Забронировано | 2023-07-20
4487 | 90 | -- | 7 | 76,8 | 3 | 0 | 0,00 | Продано | 2023-07-20
4758 | 361 | -- | 8 | 32,61 | 0 | 4565400 | 140000,00 | В продаже | 2023-07-20
4490 | 93 | -- | 8 | 39,03 | 1 | 0 | 0,00 | Продано | 2023-07-20
4491 | 94 | -- | 8 | 44,52 | 1 | 0 | 0,00 | Продано | 2023-07-20
4492 | 95 | -- | 8 | 44,66 | 1 | 0 | 0,00 | Забронировано | 2023-07-20
4494 | 97 | -- | 8 | 35,52 | 1 | 0 | 0,00 | Продано | 2023-07-20
4495 | 98 | -- | 8 | 36,95 | 1 | 0 | 0,00 | Продано | 2023-07-20
4496 | 99 | -- | 8 | 38,63 | 1 | 4790120 | 124000,00 | В продаже | 2023-07-20
4497 | 100 | -- | 8 | 49,57 | 1 | 0 | 0,00 | Забронировано | 2023-07-20
4498 | 101 | -- | 8 | 39,89 | 1 | 4946360 | 124000,00 | В продаже | 2023-07-20
4501 | 104 | -- | 8 | 40,76 | 1 | 0 | 0,00 | Продано | 2023-07-20
4759 | 362 | -- | 8 | 48,8 | 1 | 5953600 | 122000,00 | В продаже | 2023-07-20
4760 | 363 | -- | 8 | 46,24 | 1 | 5641280 | 122000,00 | В продаже | 2023-07-20
4761 | 364 | -- | 8 | 51,26 | 1 | 6151200 | 120000,00 | В продаже | 2023-07-20
4763 | 366 | -- | 8 | 45,93 | 1 | 5695320 | 124000,00 | В продаже | 2023-07-20
4764 | 367 | -- | 8 | 48,77 | 1 | 0 | 0,00 | Продано | 2023-07-20
4765 | 368 | -- | 8 | 40,49 | 1 | 5142230 | 127000,00 | В продаже | 2023-07-20
4493 | 96 | -- | 8 | 76,01 | 2 | 0 | 0,00 | Продано | 2023-07-20
4499 | 102 | -- | 8 | 56,78 | 2 | 0 | 0,00 | Продано | 2023-07-20
4502 | 105 | -- | 8 | 59,78 | 2 | 0 | 0,00 | Продано | 2023-07-20
4762 | 365 | -- | 8 | 72,23 | 2 | 0 | 0,00 | Забронировано | 2023-07-20
4500 | 103 | -- | 8 | 76,8 | 3 | 0 | 0,00 | Продано | 2023-07-20
4766 | 369 | -- | 9 | 32,61 | 0 | 4565400 | 140000,00 | В продаже | 2023-07-20
4503 | 106 | -- | 9 | 39,03 | 1 | 4995840 | 128000,00 | В продаже | 2023-07-20
4504 | 107 | -- | 9 | 44,52 | 1 | 0 | 0,00 | Продано | 2023-07-20
4505 | 108 | -- | 9 | 44,66 | 1 | 0 | 0,00 | Продано | 2023-07-20
4507 | 110 | -- | 9 | 35,52 | 1 | 0 | 0,00 | Продано | 2023-07-20
4508 | 111 | -- | 9 | 36,95 | 1 | 0 | 0,00 | Продано | 2023-07-20
4509 | 112 | -- | 9 | 38,63 | 1 | 4790120 | 124000,00 | В продаже | 2023-07-20
4510 | 113 | -- | 9 | 49,57 | 1 | 5799690 | 117000,00 | В продаже | 2023-07-20
4511 | 114 | -- | 9 | 39,89 | 1 | 4946360 | 124000,00 | В продаже | 2023-07-20
4514 | 117 | -- | 9 | 40,76 | 1 | 0 | 0,00 | Продано | 2023-07-20
4767 | 370 | -- | 9 | 48,8 | 1 | 5953600 | 122000,00 | В продаже | 2023-07-20
4768 | 371 | -- | 9 | 46,24 | 1 | 5641280 | 122000,00 | В продаже | 2023-07-20
4769 | 372 | -- | 9 | 51,26 | 1 | 0 | 0,00 | Продано | 2023-07-20
4771 | 374 | -- | 9 | 45,93 | 1 | 5695320 | 124000,00 | В продаже | 2023-07-20
4772 | 375 | -- | 9 | 48,77 | 1 | 6047480 | 124000,00 | В продаже | 2023-07-20
4773 | 376 | -- | 9 | 40,49 | 1 | 5182720 | 128000,00 | В продаже | 2023-07-20
4506 | 109 | -- | 9 | 76,01 | 2 | 0 | 0,00 | Продано | 2023-07-20
4512 | 115 | -- | 9 | 56,78 | 2 | 0 | 0,00 | Продано | 2023-07-20
4515 | 118 | -- | 9 | 59,78 | 2 | 0 | 0,00 | Продано | 2023-07-20
4770 | 373 | -- | 9 | 72,23 | 2 | 0 | 0,00 | Забронировано | 2023-07-20
4513 | 116 | -- | 9 | 76,8 | 3 | 0 | 0,00 | Продано | 2023-07-20
4774 | 377 | -- | 10 | 32,61 | 0 | 4565400 | 140000,00 | В продаже | 2023-07-20
4516 | 119 | -- | 10 | 39,03 | 1 | 0 | 0,00 | Продано | 2023-07-20
4517 | 120 | -- | 10 | 44,52 | 1 | 0 | 0,00 | Продано | 2023-07-20
4518 | 121 | -- | 10 | 44,66 | 1 | 0 | 0,00 | Забронировано | 2023-07-20
4520 | 123 | -- | 10 | 35,52 | 1 | 0 | 0,00 | Продано | 2023-07-20
4521 | 124 | -- | 10 | 36,95 | 1 | 0 | 0,00 | Продано | 2023-07-20
4522 | 125 | -- | 10 | 38,63 | 1 | 0 | 0,00 | Продано | 2023-07-20
4523 | 126 | -- | 10 | 49,57 | 1 | 5799690 | 117000,00 | В продаже | 2023-07-20
4524 | 127 | -- | 10 | 39,89 | 1 | 4946360 | 124000,00 | В продаже | 2023-07-20
4527 | 130 | -- | 10 | 40,76 | 1 | 0 | 0,00 | Продано | 2023-07-20
4775 | 378 | -- | 10 | 48,8 | 1 | 6002400 | 123000,00 | В продаже | 2023-07-20
4776 | 379 | -- | 10 | 46,24 | 1 | 5687520 | 123000,00 | В продаже | 2023-07-20
4777 | 380 | -- | 10 | 51,26 | 1 | 0 | 0,00 | Продано | 2023-07-20
4779 | 382 | -- | 10 | 45,93 | 1 | 5695320 | 124000,00 | В продаже | 2023-07-20
4780 | 383 | -- | 10 | 48,77 | 1 | 6047480 | 124000,00 | В продаже | 2023-07-20
4781 | 384 | -- | 10 | 40,49 | 1 | 5182720 | 128000,00 | В продаже | 2023-07-20
4519 | 122 | -- | 10 | 76,01 | 2 | 0 | 0,00 | Продано | 2023-07-20
4525 | 128 | -- | 10 | 56,78 | 2 | 0 | 0,00 | Продано | 2023-07-20
4528 | 131 | -- | 10 | 59,78 | 2 | 0 | 0,00 | Продано | 2023-07-20
4778 | 381 | -- | 10 | 72,23 | 2 | 0 | 0,00 | Продано | 2023-07-20
4526 | 129 | -- | 10 | 76,8 | 3 | 0 | 0,00 | Продано | 2023-07-20
4782 | 385 | -- | 11 | 32,61 | 0 | 4565400 | 140000,00 | В продаже | 2023-07-20
4529 | 132 | -- | 11 | 39,03 | 1 | 0 | 0,00 | Продано | 2023-07-20
4530 | 133 | -- | 11 | 44,52 | 1 | 0 | 0,00 | Продано | 2023-07-20
4531 | 134 | -- | 11 | 44,66 | 1 | 0 | 0,00 | Продано | 2023-07-20
4533 | 136 | -- | 11 | 35,52 | 1 | 0 | 0,00 | Продано | 2023-07-20
4534 | 137 | -- | 11 | 36,95 | 1 | 4914350 | 133000,00 | В продаже | 2023-07-20
4535 | 138 | -- | 11 | 38,63 | 1 | 5021900 | 130000,00 | В продаже | 2023-07-20
4536 | 139 | -- | 11 | 49,57 | 1 | 0 | 0,00 | Забронировано | 2023-07-20
4537 | 140 | -- | 11 | 39,89 | 1 | 0 | 0,00 | Забронировано | 2023-07-20
4540 | 143 | -- | 11 | 40,76 | 1 | 0 | 0,00 | Продано | 2023-07-20
4783 | 386 | -- | 11 | 48,8 | 1 | 6002400 | 123000,00 | В продаже | 2023-07-20
4784 | 387 | -- | 11 | 46,24 | 1 | 0 | 0,00 | Продано | 2023-07-20
4785 | 388 | -- | 11 | 51,26 | 1 | 0 | 0,00 | Продано | 2023-07-20
4787 | 390 | -- | 11 | 45,93 | 1 | 0 | 0,00 | Продано | 2023-07-20
4788 | 391 | -- | 11 | 48,77 | 1 | 6047480 | 124000,00 | В продаже | 2023-07-20
4789 | 392 | -- | 11 | 40,49 | 1 | 5223210 | 129000,00 | В продаже | 2023-07-20
4532 | 135 | -- | 11 | 76,01 | 2 | 0 | 0,00 | Продано | 2023-07-20
4538 | 141 | -- | 11 | 56,78 | 2 | 7381400 | 130000,00 | В продаже | 2023-07-20
4541 | 144 | -- | 11 | 59,78 | 2 | 0 | 0,00 | Продано | 2023-07-20
4786 | 389 | -- | 11 | 72,23 | 2 | 0 | 0,00 | Продано | 2023-07-20
4539 | 142 | -- | 11 | 76,8 | 3 | 10214400 | 133000,00 | В продаже | 2023-07-20
4798 | 393 | -- | 12 | 32,61 | 0 | 4565400 | 140000,00 | В продаже | 2023-07-20
4542 | 145 | -- | 12 | 39,03 | 1 | 0 | 0,00 | Продано | 2023-07-20
4546 | 149 | -- | 12 | 38,63 | 1 | 4828750 | 125000,00 | В продаже | 2023-07-20
4547 | 150 | -- | 12 | 49,5 | 1 | 5841000 | 118000,00 | В продаже | 2023-07-20
4548 | 151 | -- | 12 | 39,89 | 1 | 0 | 0,00 | Продано | 2023-07-20
4551 | 154 | -- | 12 | 40,76 | 1 | 0 | 0,00 | Продано | 2023-07-20
4799 | 394 | -- | 12 | 48,8 | 1 | 6002400 | 123000,00 | В продаже | 2023-07-20
4800 | 395 | -- | 12 | 46,24 | 1 | 5780000 | 125000,00 | В продаже | 2023-07-20
4801 | 396 | -- | 12 | 51,26 | 1 | 0 | 0,00 | Продано | 2023-07-20
4803 | 398 | -- | 12 | 45,93 | 1 | 5741250 | 125000,00 | В продаже | 2023-07-20
4804 | 399 | -- | 12 | 48,77 | 1 | 6096250 | 125000,00 | В продаже | 2023-07-20
4805 | 400 | -- | 12 | 40,49 | 1 | 0 | 0,00 | Продано | 2023-07-20
4543 | 146 | -- | 12 | 78,46 | 2 | 9415200 | 120000,00 | В продаже | 2023-07-20
4545 | 148 | -- | 12 | 59,58 | 2 | 7149600 | 120000,00 | В продаже | 2023-07-20
4549 | 152 | -- | 12 | 56,78 | 2 | 0 | 0,00 | Продано | 2023-07-20
4552 | 155 | -- | 12 | 59,78 | 2 | 0 | 0,00 | Продано | 2023-07-20
4802 | 397 | -- | 12 | 72,23 | 2 | 0 | 0,00 | Продано | 2023-07-20
4544 | 147 | -- | 12 | 106,9 | 3 | 12293500 | 115000,00 | В продаже | 2023-07-20
4550 | 153 | -- | 12 | 76,8 | 3 | 0 | 0,00 | Продано | 2023-07-20
4806 | 401 | -- | 13 | 32,61 | 0 | 4565400 | 140000,00 | В продаже | 2023-07-20
4553 | 156 | -- | 13 | 39,03 | 1 | 0 | 0,00 | Продано | 2023-07-20
4557 | 160 | -- | 13 | 38,63 | 1 | 4828750 | 125000,00 | В продаже | 2023-07-20
4558 | 161 | -- | 13 | 49,5 | 1 | 5841000 | 118000,00 | В продаже | 2023-07-20
4559 | 162 | -- | 13 | 39,89 | 1 | 4986250 | 125000,00 | В продаже | 2023-07-20
4562 | 165 | -- | 13 | 40,76 | 1 | 0 | 0,00 | Продано | 2023-07-20
4807 | 402 | -- | 13 | 48,8 | 1 | 0 | 0,00 | Забронировано | 2023-07-20
4808 | 403 | -- | 13 | 46,24 | 1 | 5780000 | 125000,00 | В продаже | 2023-07-20
4809 | 404 | -- | 13 | 51,26 | 1 | 0 | 0,00 | Продано | 2023-07-20
4811 | 406 | -- | 13 | 45,93 | 1 | 5741250 | 125000,00 | В продаже | 2023-07-20
4812 | 407 | -- | 13 | 48,77 | 1 | 6096250 | 125000,00 | В продаже | 2023-07-20
4813 | 408 | -- | 13 | 40,49 | 1 | 5223210 | 129000,00 | В продаже | 2023-07-20
4554 | 157 | -- | 13 | 78,46 | 2 | 9415200 | 120000,00 | В продаже | 2023-07-20
4556 | 159 | -- | 13 | 59,58 | 2 | 7149600 | 120000,00 | В продаже | 2023-07-20
4560 | 163 | -- | 13 | 56,78 | 2 | 7267840 | 128000,00 | В продаже | 2023-07-20
4563 | 166 | -- | 13 | 59,78 | 2 | 7651840 | 128000,00 | В продаже | 2023-07-20
4810 | 405 | -- | 13 | 72,23 | 2 | 0 | 0,00 | Продано | 2023-07-20
4555 | 158 | -- | 13 | 106,9 | 3 | 12293500 | 115000,00 | В продаже | 2023-07-20
4561 | 164 | -- | 13 | 76,8 | 3 | 0 | 0,00 | Продано | 2023-07-20
4814 | 409 | -- | 14 | 32,61 | 0 | 4565400 | 140000,00 | В продаже | 2023-07-20
4564 | 167 | -- | 14 | 39,03 | 1 | 0 | 0,00 | Забронировано | 2023-07-20
4568 | 171 | -- | 14 | 38,63 | 1 | 4828750 | 125000,00 | В продаже | 2023-07-20
4569 | 172 | -- | 14 | 49,5 | 1 | 5841000 | 118000,00 | В продаже | 2023-07-20
4570 | 173 | -- | 14 | 39,89 | 1 | 4986250 | 125000,00 | В продаже | 2023-07-20
4573 | 176 | -- | 14 | 40,76 | 1 | 0 | 0,00 | Продано | 2023-07-20
4815 | 410 | -- | 14 | 48,8 | 1 | 6051200 | 124000,00 | В продаже | 2023-07-20
4816 | 411 | -- | 14 | 46,24 | 1 | 5780000 | 125000,00 | В продаже | 2023-07-20
4817 | 412 | -- | 14 | 51,26 | 1 | 0 | 0,00 | Продано | 2023-07-20
4819 | 414 | -- | 14 | 45,93 | 1 | 5741250 | 125000,00 | В продаже | 2023-07-20
4820 | 415 | -- | 14 | 48,77 | 1 | 6096250 | 125000,00 | В продаже | 2023-07-20
4821 | 416 | -- | 14 | 40,49 | 1 | 5263700 | 130000,00 | В продаже | 2023-07-20
4565 | 168 | -- | 14 | 78,46 | 2 | 9415200 | 120000,00 | В продаже | 2023-07-20
4567 | 170 | -- | 14 | 59,58 | 2 | 7149600 | 120000,00 | В продаже | 2023-07-20
4571 | 174 | -- | 14 | 56,78 | 2 | 7267840 | 128000,00 | В продаже | 2023-07-20
4574 | 177 | -- | 14 | 59,78 | 2 | 0 | 0,00 | Забронировано | 2023-07-20
4818 | 413 | -- | 14 | 72,23 | 2 | 0 | 0,00 | Продано | 2023-07-20
4566 | 169 | -- | 14 | 106,9 | 3 | 12293500 | 115000,00 | В продаже | 2023-07-20
4572 | 175 | -- | 14 | 76,8 | 3 | 0 | 0,00 | Продано | 2023-07-20
4822 | 417 | -- | 15 | 32,61 | 0 | 4565400 | 140000,00 | В продаже | 2023-07-20
4575 | 178 | -- | 15 | 39,03 | 1 | 5034870 | 129000,00 | В продаже | 2023-07-20
4579 | 182 | -- | 15 | 38,63 | 1 | 4828750 | 125000,00 | В продаже | 2023-07-20
4580 | 183 | -- | 15 | 49,5 | 1 | 5841000 | 118000,00 | В продаже | 2023-07-20
4581 | 184 | -- | 15 | 39,89 | 1 | 4986250 | 125000,00 | В продаже | 2023-07-20
4584 | 187 | -- | 15 | 40,76 | 1 | 0 | 0,00 | Продано | 2023-07-20
4823 | 418 | -- | 15 | 48,8 | 1 | 6100000 | 125000,00 | В продаже | 2023-07-20
4824 | 419 | -- | 15 | 46,24 | 1 | 5780000 | 125000,00 | В продаже | 2023-07-20
4825 | 420 | -- | 15 | 51,26 | 1 | 0 | 0,00 | Продано | 2023-07-20
4827 | 422 | -- | 15 | 45,93 | 1 | 5741250 | 125000,00 | В продаже | 2023-07-20
4828 | 423 | -- | 15 | 48,77 | 1 | 0 | 0,00 | Забронировано | 2023-07-20
4829 | 424 | -- | 15 | 40,49 | 1 | 0 | 0,00 | Продано | 2023-07-20
4576 | 179 | -- | 15 | 78,46 | 2 | 9415200 | 120000,00 | В продаже | 2023-07-20
4578 | 181 | -- | 15 | 59,58 | 2 | 7149600 | 120000,00 | В продаже | 2023-07-20
4582 | 185 | -- | 15 | 56,78 | 2 | 0 | 0,00 | Продано | 2023-07-20
4585 | 188 | -- | 15 | 59,78 | 2 | 7651840 | 128000,00 | В продаже | 2023-07-20
4826 | 421 | -- | 15 | 72,23 | 2 | 0 | 0,00 | Продано | 2023-07-20
4577 | 180 | -- | 15 | 106,9 | 3 | 12293500 | 115000,00 | В продаже | 2023-07-20
4583 | 186 | -- | 15 | 76,8 | 3 | 0 | 0,00 | Продано | 2023-07-20
4586 | 189 | -- | 16 | 39,03 | 1 | 5034870 | 129000,00 | В продаже | 2023-07-20
4590 | 193 | -- | 16 | 38,63 | 1 | 0 | 0,00 | Продано | 2023-07-20
4591 | 194 | -- | 16 | 49,5 | 1 | 5841000 | 118000,00 | В продаже | 2023-07-20
4592 | 195 | -- | 16 | 39,89 | 1 | 0 | 0,00 | Продано | 2023-07-20
4595 | 198 | -- | 16 | 40,76 | 1 | 0 | 0,00 | Продано | 2023-07-20
4587 | 190 | -- | 16 | 78,46 | 2 | 0 | 0,00 | Продано | 2023-07-20
4589 | 192 | -- | 16 | 59,58 | 2 | 7149600 | 120000,00 | В продаже | 2023-07-20
4593 | 196 | -- | 16 | 56,78 | 2 | 0 | 0,00 | Продано | 2023-07-20
4596 | 199 | -- | 16 | 59,78 | 2 | 0 | 0,00 | Продано | 2023-07-20
4588 | 191 | -- | 16 | 106,9 | 3 | 12293500 | 115000,00 | В продаже | 2023-07-20
4594 | 197 | -- | 16 | 76,8 | 3 | 0 | 0,00 | Продано | 2023-07-20
4597 | 200 | -- | 17 | 39,03 | 1 | 0 | 0,00 | Продано | 2023-07-20
4601 | 204 | -- | 17 | 38,63 | 1 | 5021900 | 130000,00 | В продаже | 2023-07-20
4602 | 205 | -- | 17 | 49,5 | 1 | 0 | 0,00 | Забронировано | 2023-07-20
4603 | 206 | -- | 17 | 39,89 | 1 | 0 | 0,00 | Продано | 2023-07-20
4606 | 209 | -- | 17 | 40,76 | 1 | 0 | 0,00 | Продано | 2023-07-20
4598 | 201 | -- | 17 | 78,46 | 2 | 10042880 | 128000,00 | В продаже | 2023-07-20
4600 | 203 | -- | 17 | 59,58 | 2 | 7745400 | 130000,00 | В продаже | 2023-07-20
4604 | 207 | -- | 17 | 56,78 | 2 | 7267840 | 128000,00 | В продаже | 2023-07-20
4607 | 210 | -- | 17 | 59,78 | 2 | 0 | 0,00 | Продано | 2023-07-20
4599 | 202 | -- | 17 | 106,9 | 3 | 0 | 0,00 | Забронировано | 2023-07-20
4605 | 208 | -- | 17 | 76,8 | 3 | 0 | 0,00 | Продано | 2023-07-20
4608 | 211 | -- | 18 | 39,03 | 1 | 5073900 | 130000,00 | В продаже | 2023-07-20
4612 | 215 | -- | 18 | 38,63 | 1 | 4828750 | 125000,00 | В продаже | 2023-07-20
4613 | 216 | -- | 18 | 49,41 | 1 | 5929200 | 120000,00 | В продаже | 2023-07-20
4614 | 217 | -- | 18 | 40,14 | 1 | 5017500 | 125000,00 | В продаже | 2023-07-20
4615 | 218 | -- | 18 | 55,22 | 1 | 0 | 0,00 | Продано | 2023-07-20
4609 | 212 | -- | 18 | 78,46 | 2 | 10042880 | 128000,00 | В продаже | 2023-07-20
4611 | 214 | -- | 18 | 59,51 | 2 | 7141200 | 120000,00 | В продаже | 2023-07-20
4616 | 219 | -- | 18 | 59,78 | 2 | 0 | 0,00 | Продано | 2023-07-20
4610 | 213 | -- | 18 | 106,9 | 3 | 0 | 0,00 | Продано | 2023-07-20
4617 | 220 | -- | 19 | 39,03 | 1 | 5073900 | 130000,00 | В продаже | 2023-07-20
4621 | 224 | -- | 19 | 38,63 | 1 | 4828750 | 125000,00 | В продаже | 2023-07-20
4622 | 225 | -- | 19 | 49,41 | 1 | 5929200 | 120000,00 | В продаже | 2023-07-20
4623 | 226 | -- | 19 | 40,14 | 1 | 5017500 | 125000,00 | В продаже | 2023-07-20
4624 | 227 | -- | 19 | 63,37 | 1 | 0 | 0,00 | Продано | 2023-07-20
4618 | 221 | -- | 19 | 78,46 | 2 | 10042880 | 128000,00 | В продаже | 2023-07-20
4620 | 223 | -- | 19 | 59,51 | 2 | 7141200 | 120000,00 | В продаже | 2023-07-20
4625 | 228 | -- | 19 | 59,78 | 2 | 0 | 0,00 | Продано | 2023-07-20
4619 | 222 | -- | 19 | 106,9 | 3 | 12293500 | 115000,00 | В продаже | 2023-07-20
4626 | 229 | -- | 20 | 39,03 | 1 | 0 | 0,00 | Забронировано | 2023-07-20
4630 | 233 | -- | 20 | 38,63 | 1 | 4828750 | 125000,00 | В продаже | 2023-07-20
4631 | 234 | -- | 20 | 49,41 | 1 | 5929200 | 120000,00 | В продаже | 2023-07-20
4632 | 235 | -- | 20 | 40,14 | 1 | 5017500 | 125000,00 | В продаже | 2023-07-20
4633 | 236 | -- | 20 | 63,37 | 1 | 0 | 0,00 | Продано | 2023-07-20
4627 | 230 | -- | 20 | 78,46 | 2 | 10042880 | 128000,00 | В продаже | 2023-07-20
4629 | 232 | -- | 20 | 59,51 | 2 | 7141200 | 120000,00 | В продаже | 2023-07-20
4634 | 237 | -- | 20 | 59,78 | 2 | 0 | 0,00 | Продано | 2023-07-20
4628 | 231 | -- | 20 | 106,9 | 3 | 12293500 | 115000,00 | В продаже | 2023-07-20
4635 | 238 | -- | 21 | 39,03 | 1 | 0 | 0,00 | Продано | 2023-07-20
4639 | 242 | -- | 21 | 38,63 | 1 | 4828750 | 125000,00 | В продаже | 2023-07-20
4640 | 243 | -- | 21 | 49,41 | 1 | 5929200 | 120000,00 | В продаже | 2023-07-20
4641 | 244 | -- | 21 | 40,14 | 1 | 5017500 | 125000,00 | В продаже | 2023-07-20
4642 | 245 | -- | 21 | 63,37 | 1 | 0 | 0,00 | Продано | 2023-07-20
4636 | 239 | -- | 21 | 78,46 | 2 | 10042880 | 128000,00 | В продаже | 2023-07-20
4638 | 241 | -- | 21 | 59,51 | 2 | 7141200 | 120000,00 | В продаже | 2023-07-20
4643 | 246 | -- | 21 | 59,78 | 2 | 0 | 0,00 | Продано | 2023-07-20
4637 | 240 | -- | 21 | 106,9 | 3 | 12293500 | 115000,00 | В продаже | 2023-07-20
4644 | 247 | -- | 22 | 39,03 | 1 | 0 | 0,00 | Продано | 2023-07-20
4648 | 251 | -- | 22 | 38,63 | 1 | 4828750 | 125000,00 | В продаже | 2023-07-20
4649 | 252 | -- | 22 | 49,41 | 1 | 5929200 | 120000,00 | В продаже | 2023-07-20
4650 | 253 | -- | 22 | 40,14 | 1 | 5017500 | 125000,00 | В продаже | 2023-07-20
4651 | 254 | -- | 22 | 63,37 | 1 | 0 | 0,00 | Продано | 2023-07-20
4645 | 248 | -- | 22 | 78,46 | 2 | 10042880 | 128000,00 | В продаже | 2023-07-20
4647 | 250 | -- | 22 | 59,51 | 2 | 7141200 | 120000,00 | В продаже | 2023-07-20
4652 | 255 | -- | 22 | 59,78 | 2 | 0 | 0,00 | Продано | 2023-07-20
4646 | 249 | -- | 22 | 106,9 | 3 | 12293500 | 115000,00 | В продаже | 2023-07-20
4653 | 256 | -- | 23 | 39,03 | 1 | 0 | 0,00 | Продано | 2023-07-20
4657 | 260 | -- | 23 | 38,63 | 1 | 4828750 | 125000,00 | В продаже | 2023-07-20
4658 | 261 | -- | 23 | 49,41 | 1 | 5929200 | 120000,00 | В продаже | 2023-07-20
4659 | 262 | -- | 23 | 40,14 | 1 | 5017500 | 125000,00 | В продаже | 2023-07-20
4660 | 263 | -- | 23 | 63,37 | 1 | 0 | 0,00 | Продано | 2023-07-20
4654 | 257 | -- | 23 | 78,46 | 2 | 10042880 | 128000,00 | В продаже | 2023-07-20
4656 | 259 | -- | 23 | 59,51 | 2 | 7260220 | 122000,00 | В продаже | 2023-07-20
4661 | 264 | -- | 23 | 59,78 | 2 | 0 | 0,00 | Продано | 2023-07-20
4655 | 258 | -- | 23 | 106,9 | 3 | 0 | 0,00 | Продано | 2023-07-20
4662 | 265 | -- | 24 | 39,03 | 1 | 0 | 0,00 | Продано | 2023-07-20
4666 | 269 | -- | 24 | 38,63 | 1 | 4828750 | 125000,00 | В продаже | 2023-07-20
4667 | 270 | -- | 24 | 49,41 | 1 | 0 | 0,00 | Забронировано | 2023-07-20
4668 | 271 | -- | 24 | 40,14 | 1 | 5017500 | 125000,00 | В продаже | 2023-07-20
4669 | 272 | -- | 24 | 63,37 | 1 | 0 | 0,00 | Продано | 2023-07-20
4663 | 266 | -- | 24 | 78,46 | 2 | 0 | 0,00 | Забронировано | 2023-07-20
4665 | 268 | -- | 24 | 59,51 | 2 | 7260220 | 122000,00 | В продаже | 2023-07-20
4670 | 273 | -- | 24 | 59,78 | 2 | 0 | 0,00 | Продано | 2023-07-20
4664 | 267 | -- | 24 | 106,9 | 3 | 0 | 0,00 | Продано | 2023-07-20
4671 | 274 | -- | 25 | 39,03 | 1 | 0 | 0,00 | Продано | 2023-07-20
4675 | 278 | -- | 25 | 38,63 | 1 | 5215050 | 135000,00 | В продаже | 2023-07-20
4676 | 279 | -- | 25 | 49,41 | 1 | 6176250 | 125000,00 | В продаже | 2023-07-20
4677 | 280 | -- | 25 | 40,14 | 1 | 5017500 | 125000,00 | В продаже | 2023-07-20
4678 | 281 | -- | 25 | 63,37 | 1 | 0 | 0,00 | Продано | 2023-07-20
4672 | 275 | -- | 25 | 78,46 | 2 | 0 | 0,00 | Забронировано | 2023-07-20
4674 | 277 | -- | 25 | 59,51 | 2 | 7438750 | 125000,00 | В продаже | 2023-07-20
4679 | 282 | -- | 25 | 59,78 | 2 | 0 | 0,00 | Продано | 2023-07-20
4673 | 276 | -- | 25 | 106,9 | 3 | 0 | 0,00 | Забронировано | 2023-07-20
4680 | 283 | -- | 26 | 39,03 | 1 | 0 | 0,00 | Забронировано | 2023-07-20
4684 | 287 | -- | 26 | 38,63 | 1 | 4828750 | 125000,00 | В продаже | 2023-07-20
4685 | 288 | -- | 26 | 49,41 | 1 | 0 | 0,00 | Забронировано | 2023-07-20
4681 | 284 | -- | 26 | 78,46 | 2 | 10199800 | 130000,00 | В продаже | 2023-07-20
4683 | 286 | -- | 26 | 59,51 | 2 | 0 | 0,00 | Продано | 2023-07-20
4687 | 290 | -- | 26 | 59,78 | 2 | 0 | 0,00 | Забронировано | 2023-07-20
4682 | 285 | -- | 26 | 106,9 | 3 | 12507300 | 117000,00 | В продаже | 2023-07-20
4686 | 289 | -- | 26 | 113,49 | 3 | 0 | 0,00 | Продано | 2023-07-20
4688 | 291 | -- | 27 | 39,03 | 1 | 0 | 0,00 | Продано | 2023-07-20
4692 | 295 | -- | 27 | 38,63 | 1 | 5021900 | 130000,00 | В продаже | 2023-07-20
4693 | 296 | -- | 27 | 49,41 | 1 | 6176250 | 125000,00 | В продаже | 2023-07-20
4689 | 292 | -- | 27 | 78,46 | 2 | 10199800 | 130000,00 | В продаже | 2023-07-20
4691 | 294 | -- | 27 | 59,51 | 2 | 7438750 | 125000,00 | В продаже | 2023-07-20
4695 | 298 | -- | 27 | 59,78 | 2 | 0 | 0,00 | Продано | 2023-07-20
4690 | 293 | -- | 27 | 106,9 | 3 | 0 | 0,00 | Продано | 2023-07-20
4694 | 297 | -- | 27 | 113,49 | 3 | 0 | 0,00 | Продано | 2023-07-20
4696 | 299 | -- | 28 | 49,41 | 1 | 6670350 | 135000,00 | В продаже | 2023-07-20
4698 | 301 | -- | 28 | 59,78 | 2 | 0 | 0,00 | Продано | 2023-07-20
4697 | 300 | -- | 28 | 113,31 | 3 | 0 | 0,00 | Продано | 2023-07-20
4699 | 302 | -- | 29 | 49,41 | 1 | 6670350 | 135000,00 | В продаже | 2023-07-20
4701 | 304 | -- | 29 | 59,78 | 2 | 0 | 0,00 | Продано | 2023-07-20
4700 | 303 | -- | 29 | 113,31 | 3 | 0 | 0,00 | Продано | 2023-07-20
